11111111111111111111111111111111111111111111111111111111
00000000000000000000000000000000000000000000000000000000
00000000000000000000000000000000000000000000000000000000
00100111100111111100111111111111111100111111100111100100
00100100000000100000000000000000000000000100000000100100
00100100000000100000000000000000000000000100000000100100
00100100111100100111100111100111100111100100111100100100
00000100000100000100000000000000000000100000100000100000
00000100000100000100000000000000000000100000100000100000
11111111100100100100100111000011100100100100100111111111
11111111100100100100100100000000100100100100100111111111
00000000000000100000000100000000100000000100000000000000
00000000000000100000000100000000100000000100000000000000
11111111100100100100100100000000100100100100100111111111
11111111100100100100100111111111100100100100100111111111
00000100000100000100000000000000000000100000100000100000
00000100000100000100000000000000000000100000100000100000
00100100111100100111100111100111100111100100111100100100
00100100000000100000000000000000000000000100000000100100
00100100000000100000000000000000000000000100000000100100
00100111100111111100111111100111111100111111100111100100
00000000000000000000000000000000000000000000000000000000
00000000000000000000000000000000000000000000000000000000
11100111100100100111111111111111111111100100100111100111
00000000000100100000000001111110000000000100100000000000
00000000000100100000000001111110000000000100100000000000
11111111100100100111111001111110011111100100100111111111
00000000000100100000000001111110000000000100100000000000
00000000000100100000000001111110000000000100100000000000